0.167146
0.980018
0.753708
0.640386
0.255837
0.120586
0.004533
0.357984
0.557578
0.820235
0.816347
0.241688
0.397554
0.101453
0.968112
0.276374
0.586545
0.915182
0.142226
0.997934
0.572689
0.251725
0.815409
0.534468
0.047748
0.911717
0.484363
0.728938
0.291025
0.020529
0.941271
0.458171
0.000547
0.694979
0.098557
0.256384
0.815564
0.103090
0.614368
0.373142
0.923325
0.430715
0.614830
0.320880
0.532168
0.582942
0.597254
0.118713
0.498124
0.739479
0.116647
0.070813
0.991204
0.932057
0.605281
0.038952
0.843773
0.089644
0.767891
0.134799
0.110173
0.709162
0.592970
0.110721
0.404140
0.691526
0.367105
0.219705
0.794616
0.981473
0.592847
0.717941
0.412189
0.207677
0.038821
0.944357
0.790619
0.636074
0.063070
0.288743
0.375553
0.179717
0.359557
0.366758
0.111774
0.964837
0.405710
0.955547
0.054481
0.173601
0.090346
0.164655
0.882762
0.683315
0.275375
0.286903
0.374842
0.642481
0.506607
0.169458
0.623954
0.099454
0.887399
0.036142
0.307131
0.926219
0.980499
0.097751
0.562294
0.043569
0.386494
0.937847
0.223286
0.746051
0.304605
0.335060
0.710888
0.710315
0.290607
0.765369
0.883915
0.380952
0.930024
0.766678
0.064267
0.205400
0.053580
0.439109
0.847880
0.560188
0.608567
0.471834
